{
    "node": [
        {
            "id": 0,
            "nama": "Lampu Merah Dago Pasopati",
            "x": 107.6127384550776,
            "y": -6.898912062523335
            
        },
        {
            "id": 1,
            "nama": "Lampu Merah Simpang Dago",
            "x": 107.61366255543794,
            "y": -6.8853212023316
        },
        {
            "id": 2,
            "nama": "Kubus",
            "x": 107.61043736664492,
            "y": -6.893190352872302
        },
        {
            "id": 3,
            "nama": "Saraga ITB",
            "x": 107.60984754534279,
            "y": -6.886306318688713
        },
        {
            "id": 4,
            "nama": "Kebun Binatang Bandung",
            "x": 107.60798867185699,
            "y": -6.89082472441662
        },
        {
            "id":5,
            "nama":"Plaza Widya",
            "x": 107.61037131769768,
            "y": -6.8899109081795755
        },
        {
            "id":6,
            "nama":"Labtek V",
            "x": 107.60979409593921,
            "y": -6.890581998124322
        },
        {
            "id":7,
            "nama":"Masjid Salman ITB",
            "x": 107.61118204950043,
            "y": -6.893746235593049
        }
    ],
    "matrix": [
        [ 0, 0.013622240719766757, 0, 0, 0, 0, 0, 0.005395198438827995 ],
        [ 0.013622240719766757, 0, 0, 0.003940146731172398, 0, 0, 0, 0 ],
        [
          0,
          0,
          0,
          0,
          0.0034047472967554527,
          0,
          0.0026865054796392737,
          0.0009292782976690951
        ],
        [
          0,
          0.003940146731172398,
          0,
          0,
          0.004885836771547001,
          0.0036424446292825925,
          0.004276013502648474,
          0
        ],
        [
          0,
          0,
          0.0034047472967554527,
          0.004885836771547001,
          0,
          0.002551874079432329,
          0.001821667414660614,
          0
        ],
        [
          0,
          0,
          0,
          0.0036424446292825925,
          0.002551874079432329,
          0,
          0.0008851817171621905,
          0
        ],
        [
          0,
          0,
          0.0026865054796392737,
          0.004276013502648474,
          0.001821667414660614,
          0.0008851817171621905,
          0,
          0
        ],
        [ 0.005395198438827995, 0, 0.0009292782976690951, 0, 0, 0, 0, 0 ]
      ]
}